% 2022-09-01
% Colors_special
OxfordBlue = [0, .33, .71]
RoyalMail = 4.58*[0.218, .032, 0.042]
Pantone = 3*[0.128, 0.140, 0.036]